990
158 1033
320 1023
466 824
706 1150
70 1078
551 973
500 1140
27 629
1272 1298
430 1001
593 1013
668 803
815 1187
720 1139
640 1024
883 1231
214 1287
315 674
343 695
799 977
169 978
501 1032
622 717
742 969
149 1108
269 779
1091 1202
1093 1200
265 703
506 601
464 821
726 827
1011 1231
967 1016
695 1229
550 878
36 800
990 1208
447 904
471 1127
955 1219
800 1195
608 1242
673 845
276 738
926 1032
778 1200
409 1050
200 1262
862 892
198 1050
417 1039
917 1130
146 1217
660 676
987 1124
525 1295
606 835
29 657
716 1222
76 1109
602 1054
160 745
73 934
740 1111
945 1203
440 662
1110 1269
824 1086
467 664
1116 1155
401 1065
722 882
713 819
689 1194
107 1261
946 978
669 731
848 1188
1106 1149
904 1230
789 1114
720 980
328 1063
379 1056
69 1269
96 1260
805 1045
429 1028
222 719
892 1145
829 973
688 1242
999 1113
310 1226
838 1023
1136 1263
333 1280
319 1029
666 1052
302 850
104 615
596 600
1103 1169
330 912
518 1280
61 922
566 1215
251 1214
82 1135
1036 1093
770 1169
921 1123
694 1065
869 962
462 680
631 1080
294 918
217 1182
797 1002
1237 1273
731 963
503 739
685 1199
355 1093
321 859
840 842
680 819
843 1069
563 884
812 876
234 1055
308 704
750 875
1017 1279
56 660
357 1074
1012 1152
22 1175
639 996
259 851
793 1166
636 773
934 940
323 777
887 964
983 1260
807 1139
643 1131
72 1293
1024 1240
899 992
1049 1095
375 625
1172 1183
580 781
763 844
689 993
101 1083
528 763
852 1128
660 1151
388 976
905 1263
635 681
705 823
252 614
52 1137
627 1189
724 1097
520 1045
849 1265
723 1230
1108 1205
679 1293
854 1284
85 903
337 1099
105 958
1067 1194
803 1083
172 1067
186 690
940 983
810 1236
514 1015
577 861
733 1152
891 1112
623 903
733 1276
47 835
187 1176
1241 1294
18 1270
678 869
237 991
428 1027
565 691
1000 1036
564 1188
484 724
488 677
275 885
90 687
62 975
435 639
769 776
454 830
133 1235
235 714
727 977
356 1273
119 785
872 1035
745 912
134 810
568 769
934 1257
1026 1088
662 1136
813 1280
776 1244
1042 1102
661 948
963 1204
380 1274
943 1043
196 727
706 877
799 998
1171 1202
776 1116
145 1155
738 1096
103 1088
1193 1232
477 1240
219 1080
491 945
311 819
683 1228
136 809
1104 1235
778 1293
604 1226
1069 1294
1133 1151
1025 1101
704 709
277 931
692 951
26 766
11 891
227 707
402 869
299 1010
120 980
636 818
605 672
615 1099
738 1031
1034 1290
575 601
750 1050
1180 1292
764 815
710 1014
898 1287
857 1175
809 1207
1226 1245
986 1182
443 621
17 1169
533 694
601 703
767 1223
965 1110
611 937
209 1086
86 999
497 1126
1013 1198
847 1176
495 720
1157 1236
304 966
1122 1142
433 1024
696 858
463 1111
887 1025
886 1245
100 639
738 1282
1216 1236
273 918
979 1201
716 730
557 903
622 1296
1030 1033
777 1185
549 630
782 852
1181 1183
1084 1143
916 1103
625 1208
257 1030
685 939
846 1068
1260 1283
297 1103
645 1185
677 1073
646 1132
928 1080
934 1214
739 832
426 1012
55 677
362 1207
54 974
659 1293
424 869
748 788
653 932
472 717
674 1256
1037 1280
92 706
589 722
183 723
746 1253
272 857
686 814
1045 1075
741 1051
410 1010
318 911
489 640
697 1146
354 1140
305 890
1129 1266
701 821
1002 1011
403 839
620 1128
59 741
929 1055
394 1231
896 1292
806 881
831 842
751 755
195 640
256 786
705 1275
958 1183
449 991
155 645
97 787
143 1233
813 1037
512 712
1024 1063
595 1093
698 1231
633 726
8 1183
290 679
825 840
804 1058
113 1270
980 999
954 1241
163 1023
871 918
833 1189
1035 1057
845 1234
208 746
799 817
649 1209
781 973
601 794
194 781
1257 1262
545 605
144 983
515 1109
461 662
600 619
691 1185
232 1130
201 974
877 1287
436 949
1088 1091
594 1241
867 992
638 1219
138 1071
718 1144
978 999
693 1182
153 765
702 1066
1035 1160
707 817
123 973
139 686
441 1052
621 867
679 1053
490 1253
1231 1291
207 1116
815 1106
137 1098
507 1116
865 1046
630 855
329 1175
605 1112
651 1232
185 1093
67 707
953 1211
870 1068
126 1226
654 1086
682 1211
338 615
1199 1221
950 1200
630 1115
174 870
588 1264
314 1231
964 1054
238 742
352 1221
832 1012
1047 1169
1264 1273
600 868
191 1275
714 853
1062 1222
531 1128
1145 1286
542 705
853 1235
621 1213
482 1217
1008 1024
1019 1027
740 783
16 1238
306 1138
555 876
1199 1267
118 664
1018 1183
513 925
873 1132
599 944
473 1176
193 1236
225 870
857 1144
364 1274
226 1206
1134 1146
621 1164
667 1015
1048 1220
755 1264
806 898
1184 1270
1252 1260
703 1115
644 1286
976 1006
712 1097
796 1287
546 991
431 622
1020 1121
848 850
177 664
166 1109
661 1076
246 962
667 683
612 1035
184 1092
218 1134
6 748
767 951
140 1048
254 916
754 991
42 1291
94 788
761 1069
926 971
1136 1153
285 687
798 949
268 720
659 785
592 649
891 1071
642 716
366 898
58 877
861 1207
911 1215
961 1144
748 1088
770 1109
348 857
909 1103
695 1019
704 878
347 615
240 687
391 890
206 1264
156 839
1111 1265
560 1126
853 1263
372 960
999 1058
967 1056
612 1281
221 620
906 947
41 948
1061 1105
821 1023
573 1245
641 1025
60 839
493 1136
860 1178
1007 1050
569 798
726 836
31 1284
110 1213
858 1032
296 1006
927 980
342 674
298 1109
821 1298
358 873
789 997
249 1130
476 673
255 791
726 1062
14 1207
956 1274
456 1169
661 1260
382 874
291 873
9 1236
1004 1289
621 1146
658 945
88 1116
7 1136
865 1190
597 955
363 715
351 720
812 869
587 1162
793 1166
942 1216
1064 1231
899 975
274 822
317 1056
820 1116
610 691
679 1198
492 1257
316 716
83 1159
635 647
167 1233
648 1111
650 772
84 1260
858 1126
258 972
245 1075
681 685
690 899
271 1001
763 772
360 812
684 819
954 1004
301 754
822 1262
1173 1201
819 1005
412 1273
653 1299
874 1029
267 750
535 1023
816 1186
923 973
168 609
786 1270
1152 1263
849 1183
114 892
43 1264
78 941
392 787
613 921
25 639
719 808
384 1002
629 1162
1007 1059
762 1077
539 750
481 744
1016 1061
749 778
292 763
1020 1199
798 1100
1101 1228
141 1261
213 884
743 814
416 898
683 1073
339 766
474 1080
247 743
64 776
821 1164
1176 1211
1142 1220
973 1293
396 1293
965 989
179 877
711 819
552 646
46 620
108 858
460 1188
411 1284
1042 1080
708 1071
487 1143
529 864
49 891
1089 1287
868 1051
13 876
930 962
455 713
468 1192
1038 1254
127 640
511 645
1108 1211
775 1107
901 1010
623 1261
591 1161
700 1167
993 1154
231 773
931 1051
377 1224
786 893
326 807
784 1170
374 911
694 765
1106 1198
1038 1211
933 1128
584 974
216 1107
1130 1289
1136 1245
210 768
670 1261
643 725
331 645
888 941
1076 1206
603 621
236 757
708 752
962 1255
935 1231
998 1277
458 716
162 1162
885 1229
730 982
673 1212
1050 1251
327 647
367 1057
800 864
459 1293
685 1034
665 1140
758 875
99 853
616 968
744 851
823 848
736 1046
1199 1227
543 746
884 1201
945 1198
81 1055
39 762
1029 1292
102 1118
697 873
670 1039
853 1189
590 1087
870 1264
50 1287
953 1081
607 1044
282 682
705 1218
270 713
870 1135
611 707
702 1280
618 1194
985 1201
947 1118
1033 1208
600 707
609 1240
757 1137
53 731
859 967
808 874
656 772
913 1156
646 734
1094 1114
150 962
822 1223
863 1087
1119 1259
772 1003
644 727
510 903
400 782
253 739
687 1065
884 991
682 1012
359 1240
1122 1128
383 727
623 1083
1198 1268
1052 1284
332 887
686 1012
128 776
1060 1089
407 686
48 930
880 1052
499 1033
279 719
803 1225
766 1211
385 1050
5 681
652 864
974 1229
962 1252
782 1250
907 1280
869 941
66 944
427 639
38 744
485 983
175 853
747 874
220 1284
345 932
71 863
902 1050
368 1182
215 727
1028 1168
261 953
926 1255
131 1091
148 697
785 1095
1117 1194
986 1218
1058 1127
161 899
571 857
125 1019
784 1261
422 924
378 927
154 829
1163 1208
649 681
93 661
192 957
824 1199
178 626
121 907
931 1116
286 766
753 1086
1006 1097
1181 1239
129 1093
228 752
544 956
918 1213
420 864
242 999
660 1015
1115 1249
115 1092
313 1247
361 823
532 1005
205 890
181 1106
653 972
994 1127
764 864
203 1104
536 630
699 965
1002 1295
349 1110
581 1149
1075 1158
686 841
655 853
373 988
65 1004
947 959
808 1021
80 977
444 911
135 614
369 1276
670 1080
582 990
34 903
828 1215
657 1217
1046 1274
465 680
680 1208
880 1022
381 1032
624 1227
576 682
365 1284
972 1287
826 1255
616 1171
325 1293
516 632
389 1144
122 1130
835 900
124 900
1029 1101
509 964
856 1070
758 925
176 1176
598 1103
395 1217
496 646
640 1258
322 1293
98 1011
821 1046
1104 1224
24 930
1078 1263
309 746
723 1111
784 1091
629 1245
1045 1088
250 667
990 1151
248 958
87 1093
903 936
1142 1189
915 1063
999 1156
199 964
700 984
778 879
969 1011
75 1201
724 1224
1246 1259
806 908
558 949
425 731
889 911
130 1080
523 1174
747 1178
1118 1230
681 756
446 660
132 840
666 1206
825 900
570 664
759 1046
164 1156
106 1095
521 606
780 1257
20 1235
524 1046
399 606
731 919
478 853
873 1278
530 1030
766 938
438 603
583 947
376 674
729 1122
762 1116
413 813
165 1087
617 746
880 1250
370 1188
897 903
626 1171
142 763
899 1138
262 1189
722 1276
519 972
636 1275
777 827
637 1249
486 1067
453 991
969 1001
